Prior;P(ECS <1);P(ECS <1.5);P(ECS <2);P(ECS >4);P(ECS >4.5);P(ECS >6);P(1.5 -4.5);5th pile;10th pile;17th pile;20th pile;25th pile;50th pile;75th pile;80th pile;83rd pile;90th pile;95th pile;Mode;Mean
"CLASSIC_HIST Posterior,"4.833744999999999,7.288046666666663,9.743079999999992,80.440315,77.98707666666667,70.62612500000002,14.724876666666667,1.0249999999999986,2.045000000000009,3.4650000000000105,4.07500000000001,5.095000000000006,10.205000000000005,15.524999999999999,16.725,17.505000000000003,19.634999999999998,21.805,4.32500000000001,10.609283893333238
"CLASSIC_HIST_ALT1 Posterior,"4.835650000000003,7.287360000000002,9.742138333333337,80.44267666666669,77.99116333333336,70.63901333333344,14.72147666666664,1.0249999999999986,2.045000000000009,3.4650000000000105,4.085000000000001,5.105000000000011,10.205000000000005,15.524999999999999,16.725,17.505000000000003,19.625000000000007,21.79500000000001,7.155000000000008,10.60995667966661
"CLASSIC_HIST_ALT2 Posterior,"4.823188333333335,7.2758116666666695,9.726528333333341,80.46042833333333,78.00679333333329,70.6502499999999,14.717395000000035,1.0249999999999986,2.045000000000009,3.4750000000000014,4.085000000000001,5.105000000000011,10.205000000000005,15.524999999999999,16.725,17.505000000000003,19.634999999999998,21.805,2.2050000000000054,10.61261384833324
"CLASSIC_HIST_ALT3 Posterior,"4.832705000000001,7.281218333333326,9.73570333333332,80.44900000000004,77.99192833333335,70.63802499999997,14.72685333333333,1.0249999999999986,2.045000000000009,3.4750000000000014,4.085000000000001,5.095000000000006,10.205000000000005,15.524999999999999,16.725,17.505000000000003,19.625000000000007,21.805,1.5850000000000009,10.611023715666619
"CLASSIC_HIST_ALT4 Posterior,"4.836733333333331,7.291396666666665,9.746826666666664,80.43012333333337,77.97252500000002,70.61868833333338,14.736078333333317,1.0249999999999986,2.045000000000009,3.4650000000000105,4.07500000000001,5.095000000000006,10.205000000000005,15.524999999999999,16.725,17.505000000000003,19.625000000000007,21.79500000000001,4.755000000000003,10.608559387999987
"PLOT_ERF Posterior,"0.054054024946657245,1.0806667880275156,6.118287240485032,49.05721748726012,40.968172311494556,25.632381339310584,57.95116090047793,1.9149999999999991,2.2050000000000054,2.5150000000000077,2.645000000000003,2.835000000000001,3.9350000000000094,6.085000000000001,6.9650000000000105,7.695,10.725000000000001,16.875000000000007,2.855000000000011,6.135958611028071
"PLOT_ERF_1750_2018 Posterior,"0.25664170237188216,4.108518170455357,16.5928091166403,31.26982688040981,25.275861915197282,15.092802139398856,70.61561991434736,1.5450000000000088,1.7650000000000077,2.0050000000000026,2.095000000000006,2.2450000000000117,3.0350000000000037,4.515000000000008,5.105000000000011,5.595000000000006,7.615000000000002,11.735000000000007,2.335000000000001,4.607636630386289
"PLOT_ERF_1850_2005_2015 Posterior,"0.05051801091653567,1.0845530763026603,6.052618934443698,49.94887464862915,41.91251129049645,26.52999079506519,57.00293563320089,1.9149999999999991,2.2150000000000105,2.5350000000000037,2.6550000000000082,2.855000000000011,3.9850000000000065,6.2150000000000105,7.134999999999998,7.895000000000003,11.07500000000001,17.54500000000001,2.8049999999999997,6.2710497088875465
"PLOT_ERF_AR5 Posterior,"0.12097441587955993,2.227558048871729,10.832660101493323,35.31075143230005,27.790547206105828,15.096767260437957,69.98189474502244,1.7050000000000054,1.9550000000000054,2.2150000000000105,2.315000000000005,2.4750000000000014,3.3049999999999997,4.725000000000001,5.245000000000012,5.664999999999999,7.285000000000004,10.345000000000006,2.595000000000006,4.537087763506376
"PLOT_ERF_AR5_1750_2018 Posterior,"0.5911545150426941,7.961391856995401,26.733301289790333,18.440489679485694,13.811554989574901,6.922399924127717,78.2270531534297,1.365000000000002,1.5549999999999997,1.7550000000000026,1.8350000000000009,1.9450000000000003,2.5549999999999997,3.5150000000000077,3.855000000000011,4.125000000000007,5.125000000000007,6.925000000000004,2.045000000000009,3.3072245963601734
"PLOT_ERF_BELLCON Posterior,"0.0576910546569361,1.1634280287476515,6.55914515078817,45.02492762539507,36.46677092600633,20.914776671346914,62.369801045246014,1.8950000000000031,2.1750000000000043,2.4650000000000105,2.585000000000001,2.7650000000000077,3.7450000000000117,5.475000000000001,6.125000000000007,6.655000000000008,8.745000000000012,12.765000000000008,2.895000000000003,5.302724726186104
"UL Posterior,"0.00012342525582896785,0.05334186232612997,1.9150687721626518,18.646184686186814,8.87524026498808,0.9005648981290477,91.07141787268579,2.1950000000000003,2.384999999999998,2.57500000000001,2.645000000000003,2.7450000000000117,3.2150000000000105,3.7850000000000037,3.9450000000000003,4.055,4.414999999999999,4.865000000000002,3.0150000000000077,3.336128370765594
"ULI Posterior,"0.00010215984174379727,0.05470018330399223,2.0247267378869753,18.7292660349394,9.094036400958743,0.921420143101642,90.85126341573726,2.1850000000000094,2.384999999999998,2.57500000000001,2.634999999999998,2.7450000000000117,3.2150000000000105,3.7749999999999986,3.9450000000000003,4.055,4.425000000000004,4.895000000000003,3.1550000000000082,3.3369820379098165
"ULI_MEDIUM_SAMPLE Posterior,"0.00011515135838470831,0.053480058724830686,1.9234277552516523,18.69097886555474,8.94180673335589,0.9215011632158792,91.00471320791928,2.1950000000000003,2.384999999999998,2.57500000000001,2.645000000000003,2.7450000000000117,3.2150000000000105,3.7850000000000037,3.9450000000000003,4.055,4.414999999999999,4.865000000000002,3.0249999999999986,3.337408898164026
"ULI_MEDIUM_SAMPLE_FAT Posterior,"0.0022725073755476967,0.16723198376404866,2.9184056078152767,20.105485458589953,10.456721063221181,1.5083319921618,89.37604695301476,2.125000000000007,2.32500000000001,2.5150000000000077,2.595000000000006,2.7050000000000054,3.1950000000000003,3.815000000000005,3.9950000000000117,4.125000000000007,4.524999999999999,5.045000000000009,2.9750000000000014,3.3486353555884425
"ULI_NOPALEO Posterior,"0.05336485282964802,0.5374616835010947,4.147903586272119,36.20352554296906,25.23343815210214,9.241280383841953,74.22910016439677,2.045000000000009,2.3049999999999997,2.565000000000005,2.664999999999999,2.8049999999999997,3.5150000000000077,4.505000000000003,4.82500000000001,5.065000000000005,5.865000000000002,7.07500000000001,3.065000000000005,3.9598617995490772
"UL_ALL_PROCEC Posterior,"7.388882732797655e-05,0.03339449954579295,1.3221784909171994,21.62338052164887,10.328754446808816,0.9729714798151718,89.63785105364539,2.2749999999999986,2.4750000000000014,2.664999999999999,2.7350000000000065,2.835000000000001,3.315000000000005,3.884999999999998,4.045000000000009,4.155000000000008,4.515000000000008,4.955000000000005,3.065000000000005,3.4313173251629276
"UL_FAT Posterior,"0.0021539208699191334,0.16005662459396322,2.7572069270331045,19.54176127969977,9.880583465097729,1.3061146250141036,89.95935991030831,2.134999999999998,2.335000000000001,2.5350000000000037,2.605000000000011,2.7150000000000105,3.2050000000000054,3.8049999999999997,3.9750000000000014,4.095000000000006,4.4850000000000065,4.9850000000000065,3.0249999999999986,3.341448649140505
"UL_HIST Posterior,"0.05299833516871492,1.0776158303135042,6.112021052066436,48.99659959311741,40.90590173347112,25.594624758675366,58.01648243621538,1.9149999999999991,2.2050000000000054,2.5150000000000077,2.645000000000003,2.835000000000001,3.9350000000000094,6.07500000000001,6.955000000000005,7.675000000000004,10.695,16.815000000000005,2.895000000000003,6.125480768911389
"UL_NOHIST Posterior,"0.00042676316801326295,0.16292901910637175,4.012628726050449,15.077932936633616,7.338449856213288,0.8610429908818844,92.49862112468034,2.045000000000009,2.2250000000000014,2.4050000000000082,2.4750000000000014,2.57500000000001,3.045000000000009,3.625000000000007,3.7850000000000037,3.9050000000000082,4.274999999999999,4.755000000000003,2.815000000000005,3.179905806794308
"UL_NOPALEO Posterior,"0.023678376865140537,0.5261304907806069,4.105181260299949,36.37661817659367,25.426917462444578,9.234604215902976,74.04695204677482,2.0549999999999997,2.315000000000005,2.57500000000001,2.664999999999999,2.815000000000005,3.5249999999999986,4.515000000000008,4.82500000000001,5.065000000000005,5.865000000000002,7.07500000000001,3.0050000000000026,3.972897271306687
"UL_NOPALEOCOLD Posterior,"0.0034160766469629386,0.16871507435899719,2.349072626403286,28.152329736632325,15.962810946587112,2.627390997246465,83.86847397905389,2.1950000000000003,2.4250000000000043,2.645000000000003,2.7250000000000014,2.845000000000006,3.4050000000000082,4.095000000000006,4.295000000000009,4.435000000000009,4.884999999999998,5.455000000000005,3.2050000000000054,3.5687827726851977
"UL_NOPALEOHOT Posterior,"0.0008292515625618928,0.1647789377307046,3.3815870115270825,22.655876929610656,13.164914748863069,2.9065481460578013,86.67030631340623,2.085000000000001,2.2850000000000037,2.4850000000000065,2.565000000000005,2.6750000000000043,3.2050000000000054,3.895000000000003,4.105000000000011,4.255000000000003,4.745000000000012,5.414999999999999,2.835000000000001,3.4243831574345474
"UL_NOPROCBU Posterior,"0.0003303550919280767,0.12900965710862447,3.300742931496475,20.422697944263376,11.156212839009996,1.8532982403408766,88.71477750388138,2.085000000000001,2.2850000000000037,2.4750000000000014,2.545000000000009,2.6550000000000082,3.164999999999999,3.815000000000005,4.005000000000003,4.145000000000003,4.57500000000001,5.145000000000003,2.914999999999999,3.340924933650604
"UL_NOPROCEC Posterior,"0.00011891287660047153,0.05331207613743893,1.9182517305111342,18.67562563482562,8.897901735566293,0.9032860610198412,91.04878618829626,2.1950000000000003,2.384999999999998,2.57500000000001,2.645000000000003,2.7450000000000117,3.2150000000000105,3.7850000000000037,3.9450000000000003,4.055,4.414999999999999,4.865000000000002,3.0050000000000026,3.336497130118522
"UL_PALEO Posterior,"0.32384510221063617,4.3512045730135895,19.234626658849443,12.256226264461759,6.940008638091527,1.3591236223710013,88.70878678889488,1.5249999999999986,1.7350000000000065,1.9350000000000094,2.0050000000000026,2.125000000000007,2.664999999999999,3.355000000000011,3.5549999999999997,3.7050000000000054,4.164999999999999,4.774999999999999,2.335000000000001,2.8506932771570703
"UL_PROC Posterior,"0.06996228295906126,1.479507269502411,8.718994655507323,31.31431259009311,22.830302388219337,9.887632615810148,75.69019034227826,1.8049999999999997,2.045000000000009,2.295000000000009,2.384999999999998,2.5350000000000037,3.2550000000000026,4.345000000000006,4.705000000000005,4.9850000000000065,5.9650000000000105,7.565000000000005,2.7550000000000026,3.901456784904183
"UL_PROCBU Posterior,"0.06959692151098529,1.4797485264042347,8.722073887145685,31.308411197800737,22.825373017163173,9.884363266378728,75.69487845643259,1.8049999999999997,2.045000000000009,2.295000000000009,2.384999999999998,2.5350000000000037,3.2550000000000026,4.345000000000006,4.705000000000005,4.9850000000000065,5.9650000000000105,7.565000000000005,2.7150000000000105,3.901193340667768
"UL_PROCEC Posterior,"7.22698772506221e-05,0.033204567643330525,1.3131311733359143,21.637500991071008,10.346374441037824,0.9782188374739036,89.62042099131885,2.2749999999999986,2.4750000000000014,2.664999999999999,2.7350000000000065,2.835000000000001,3.315000000000005,3.884999999999998,4.045000000000009,4.155000000000008,4.515000000000008,4.955000000000005,3.1850000000000094,3.4319239373880763
"US1 Posterior,"6.106604907897118e-05,0.027872735026267626,1.082038287125054,29.991342400207117,16.96924665374779,2.855988386878707,83.00288061122595,2.32500000000001,2.5350000000000037,2.7450000000000117,2.82500000000001,2.9450000000000003,3.4750000000000014,4.155000000000008,4.345000000000006,4.4850000000000065,4.935000000000009,5.515000000000008,3.1850000000000094,3.650866452466801
"US1_FAT Posterior,"0.0017126706847315782,0.10700092665777786,1.7231398333171004,31.378847503675715,18.850507508499675,4.183021806877605,81.04249156484255,2.2650000000000077,2.4850000000000065,2.7150000000000105,2.795000000000009,2.914999999999999,3.4850000000000065,4.2150000000000105,4.435000000000009,4.585000000000001,5.105000000000011,5.795000000000009,3.1850000000000094,3.7038886490685887
"US1_HIST Posterior,"0.006997030274239821,0.14606978711203034,0.9612345754164501,85.07101030025733,80.66444271582753,68.46652514060503,19.189487497060444,2.795000000000009,3.4250000000000043,4.225000000000001,4.565000000000005,5.155000000000008,8.835,14.085,15.395000000000003,16.24500000000001,18.585,20.945,3.9950000000000117,10.046428122897398
"US1_HIST_ALT1 Posterior,"0.08007491313950785,1.5780076366539202,7.909337941023624,53.41123862913572,47.38184159061669,34.89799963610366,51.04015077272939,1.8150000000000048,2.095000000000006,2.4250000000000043,2.5549999999999997,2.7749999999999986,4.255000000000003,7.945,9.365000000000002,10.415,13.634999999999998,17.065000000000005,2.4750000000000014,6.186962263361537
"US1_HIST_ALT2 Posterior,"0.11406877231712823,2.256205142353988,10.881242455990146,46.5416056909424,40.90151944655429,29.6575222417991,56.84227541109172,1.7050000000000054,1.9550000000000054,2.2250000000000014,2.335000000000001,2.5249999999999986,3.7350000000000065,6.925000000000004,8.265000000000008,9.285000000000004,12.585,16.24500000000001,2.2850000000000037,5.621821777926859
"US1_HIST_ALT3 Posterior,"0.151246410492514,2.9440676375863735,14.465319878735006,26.05157575417698,19.690054506572324,9.943364246341801,77.3658778558413,1.625000000000007,1.845000000000006,2.065000000000005,2.145000000000003,2.2850000000000037,2.9550000000000054,4.065000000000005,4.4650000000000105,4.774999999999999,5.975000000000001,8.085,2.4550000000000054,3.6571969942681744
"US1_HIST_ALT4 Posterior,"0.0756631298052923,1.5917287229958725,9.234485407926126,32.8322409137384,25.097657040285966,12.788306837795488,73.31061423671817,1.7850000000000037,2.0249999999999986,2.2650000000000077,2.365000000000002,2.5050000000000026,3.2650000000000077,4.495000000000012,4.945,5.305,6.664999999999999,9.005000000000003,2.595000000000006,4.026262046520812
"US1_HIST_CMIP5PAT Posterior,"0.022041576019947256,0.4523321992669676,2.6994512331210054,72.73426207181055,67.03840295633943,53.525826297218956,32.509264844393606,2.2550000000000026,2.6850000000000094,3.2050000000000054,3.4250000000000043,3.8049999999999997,6.475000000000001,11.695,13.195,14.195,16.955000000000005,19.68500000000001,3.125000000000007,8.308593552413729
"US1_HIST_HALFPAT Posterior,"0.005320576251023945,0.11314871230349609,0.8233051239648108,84.125018170277,79.23728960669321,66.09854219178771,20.6495616810033,2.8049999999999997,3.384999999999998,4.105000000000011,4.414999999999999,4.945,8.365000000000002,13.625000000000007,14.975000000000001,15.855000000000011,18.275,20.695,3.865000000000002,9.73134992921488
"US1_HIST_NOPAT Posterior,"0.046405528324991445,0.9785481751952836,5.655487892244679,56.61411448646367,50.12665812929548,36.69508455706014,48.894793695509236,1.9450000000000003,2.2450000000000117,2.585000000000001,2.7250000000000014,2.9550000000000054,4.505000000000003,8.225000000000001,9.634999999999998,10.665,13.845000000000006,17.21500000000001,2.7350000000000065,6.396650163066955
"US1_HIST_NOPAT_NO_FHIST_UNCERT Posterior,"0.004414096897887482,0.0721182970531532,0.660796956429663,60.89117879453983,44.69325492767693,13.053286895172604,55.234626775269916,2.645000000000003,2.9650000000000105,3.2749999999999986,3.384999999999998,3.5549999999999997,4.32500000000001,5.245000000000012,5.515000000000008,5.695,6.285000000000004,7.024999999999999,4.015000000000008,4.518976219322388
"US1_HIST_NOPAT_REDUCE_DTDN_UNCERT Posterior,"0.030700244840693794,0.7005344130521742,4.825561907611651,55.889389519384494,49.33758536135572,35.99769622320615,49.961880225592104,2.0050000000000026,2.295000000000009,2.615000000000002,2.7450000000000117,2.9650000000000105,4.435000000000009,8.095000000000006,9.495000000000012,10.524999999999999,13.725000000000001,17.134999999999998,2.664999999999999,6.344812425319038
"US1_HIST_NOPAT_REDUCE_FHIST_UNCERT Posterior,"0.004520042078634333,0.07488341196161169,0.6870022388322939,61.31432230291543,45.74790941731669,15.121125164050028,54.177207170721694,2.634999999999998,2.9550000000000054,3.2650000000000077,3.375000000000007,3.5549999999999997,4.345000000000006,5.345000000000006,5.634999999999998,5.845000000000006,6.515000000000008,7.425000000000004,3.9550000000000054,4.61735344612077
"US1_NOPROCBU Posterior,"0.00011415055427880972,0.04606727691520874,1.3976972891121406,37.71485092094514,24.915950462454077,6.983530252727391,75.03798226063071,2.295000000000009,2.5249999999999986,2.7550000000000026,2.845000000000006,2.9750000000000014,3.625000000000007,4.4850000000000065,4.745000000000012,4.935000000000009,5.555,6.405000000000008,3.1750000000000043,3.904818762765645
"US1_PALEO Posterior,"0.026523435861963193,0.8088820010119784,5.983836077598399,33.30245882296393,23.03987683648296,7.626414831430353,76.15124116250506,1.9350000000000094,2.1850000000000094,2.4350000000000094,2.5350000000000037,2.6850000000000094,3.4050000000000082,4.384999999999998,4.675000000000004,4.895000000000003,5.615000000000002,6.595000000000006,2.895000000000003,3.7351163351408183
"US1_PALEOCOLD Posterior,"0.12904666110878685,1.7967166152792302,7.7926106492816585,55.450830009738276,49.12982379207688,35.862939738398836,49.07345959264389,1.8049999999999997,2.115000000000002,2.4650000000000105,2.615000000000002,2.855000000000011,4.414999999999999,8.065000000000005,9.475000000000001,10.505000000000003,13.68500000000001,17.005000000000003,2.565000000000005,6.268739088336664
"US1_PALEOHOT Posterior,"1.2964580194774464,3.8083504229396956,8.830940589756974,51.06303370912124,41.279967985338764,20.777883596514073,54.91168159172154,1.634999999999998,2.07500000000001,2.5050000000000026,2.664999999999999,2.9050000000000082,4.045000000000009,5.595000000000006,6.07500000000001,6.425000000000004,7.625000000000007,9.335,3.395000000000003,4.580415889846235
"US1_PRIOR Posterior,"4.834451338740144,7.289029718920129,9.742384679480066,80.44156243750695,77.98814242861906,70.6276619264526,14.72282785246082,1.0249999999999986,2.045000000000009,3.4650000000000105,4.07500000000001,5.095000000000006,10.205000000000005,15.524999999999999,16.725,17.505000000000003,19.625000000000007,21.79500000000001,0.845000000000006,10.609518262993083
"US1_PROCBU Posterior,"0.018564409522810417,0.39937426804809684,2.677293995479527,64.22840897927547,56.16738038618779,38.73848404668342,43.433245345764114,2.2350000000000065,2.595000000000006,2.9850000000000065,3.145000000000003,3.4050000000000082,4.935000000000009,8.125000000000007,9.355000000000011,10.295000000000009,13.355000000000011,16.785000000000004,3.3049999999999997,6.56678806477619
"US2 Posterior,"8.449470284145192e-05,0.032339045601154394,1.202446653527479,31.655379827913748,18.40281364360922,3.365985499725028,81.56484731078963,2.315000000000005,2.5350000000000037,2.7450000000000117,2.82500000000001,2.9450000000000003,3.5050000000000026,4.2150000000000105,4.425000000000004,4.555,5.024999999999999,5.625000000000007,3.2749999999999986,3.6883138776636812
"US2_FULL Posterior,"
"US2_FULL_PRIOR Posterior,"
"US2_MEDIUM_SAMPLE Posterior,"8.496820533927963e-05,0.03293222206686686,1.1506691384556955,31.378723712248288,18.34468827570329,3.385022915286598,81.62237950222985,2.315000000000005,2.5350000000000037,2.7450000000000117,2.82500000000001,2.9450000000000003,3.5050000000000026,4.205000000000005,4.414999999999999,4.555,5.035000000000004,5.645000000000003,3.335000000000001,3.68719568770297
"US2_MEDIUM_SAMPLE_FAT Posterior,"0.0018547964637063259,0.12151191978361497,1.8591236526311703,34.186144704317584,21.673554805775296,5.576097895758153,78.20493327444109,2.2450000000000117,2.4850000000000065,2.7150000000000105,2.795000000000009,2.9250000000000043,3.5350000000000037,4.335000000000001,4.57500000000001,4.745000000000012,5.32500000000001,6.125000000000007,3.4050000000000082,3.791856182679208
"US2_PRIOR Posterior,"4.5901314241225215,7.048218718501284,9.506362153419117,80.6575001936558,78.1987907625544,70.8227137013607,14.752990518944324,1.07500000000001,2.095000000000006,3.5150000000000077,4.125000000000007,5.145000000000003,10.235000000000007,15.545000000000009,16.74500000000001,17.525,19.645000000000003,21.815000000000005,0.08500000000000085,10.641033768853482
"US2_PROCBU Posterior,"0.018453875635447464,0.38729443979341793,2.6051916613177433,64.82112536662655,56.810932521865226,39.397003763043784,42.80177303834136,2.2450000000000117,2.605000000000011,3.0050000000000026,3.164999999999999,3.4350000000000094,4.9850000000000065,8.235000000000007,9.495000000000012,10.43500000000001,13.505000000000003,16.915,3.355000000000011,6.632656794151608
"US2_UNRESTRICTED_LI Posterior,"2.367935271584578e-12,0.0017433454286946938,0.030703067360804668,0.8993883216597567,0.028626865516329758,0.003897275519022969,99.96962978905498,2.2450000000000117,2.2450000000000117,2.2550000000000026,2.2550000000000026,2.7850000000000037,3.355000000000011,3.365000000000002,3.365000000000002,3.365000000000002,3.365000000000002,3.595000000000006,3.355000000000011,3.0888123908518628
